127212
127232
127233
127262
127290
127316
127359
127530
127634
127702
127711
127715
127756
127866
127892
127954
127971
128050
128071
128121
128147
128148
128186
128330
128338
128437
128591
128619
128634
128661
128699
128723
128741
128807
128889
128910
128922
128944
128952
129080
129124
129135
129185
129222
129240
129274
129275
129295
129301
129365
129373
129391
129436
129545
129580
129667
129692
129711
129745
129750
129853
129977
129996
130006
130218
130228
130264
130400
130468
130566
130639
130647
130726
130824
130842
130853
130883
130933
130950
130980
131064
131412
131443
131463
131465
131575
131624
131731
131752
131847
131978
131991
132054
132107
132342
132379
132509
132537
132541
132576
132658
132666
132714
132778
132808
132826
132882
133063
133091
133164
133175
133208
133212
133238
133274
133375
133402
133456
133598
133605
133719
133884
134026
134042
134208
134222
134311
134395
134432
134488
134546
134612
134645
134657
134670
134744
134847
135056
135202
135222
135391
135429
135439
135447
135463
135512
135580
135589
135602
135630
135706
135819
135912
135928
136014
136103
136214
136217
136252
136281
136315
136320
136330
136425
136464
136480
136523
136533
136542
136552
136597
136663
136664
136695
136704
136833
136916
136917
136965
137028
137050
137062
137084
137119
137136
137150
137164
137165
137167
137192
137266
137325
137349
137380
137398
137473
137504
137513
137547
137599
137728
137829
137830
137887
137894
137897
137977
138131
138132
138196
138224
138226
138251
138282
138306
138311
138348
138358
138388
138448
138466
138486
138526
138573
138602
138667
138720
138727
138817
138848
138865
138883
138930
139137
139353
139384
139459
139572
139621
139626
139644
139660
139783
139889
139895
139925
139957
140098
140107
140116
140146
140156
140164
140218
140257
140392
140414
140567
140602
140614
140656
140730
140787
140796
140805
140827
140876
140901
140903
140909
140983
141030
141098
141198
141221
141225
141226
141272
141356
141392
141443
141630
141723
141735
141772
141790
141816
141983
142091
142169
142365
142413
142473
142500
142554
142557
142603
142621
142625
142693
142846
142859
142911
142936
142975
142996
143051
143061
143097
143183
143257
143261
143270
143275
143295
143323
143369
143532
143590
143680
143692
143882
143905
143948
144096
144121
144171
144231
144238
144324
144550
144631
144639
144646
144647
144662
144663
144709
144753
144838
144912
144922
144943
144952
145009
145046
145084
145109
145111
145151
145158
145160
145177
145181
145205
145221
145325
145367
145378
145399
145444
145549
145561
145572
145674
145720
145845
145913
145983
145994
146029
146076
146125
146191
146192
146409
146421
146496
146544
146588
146734
146771
146886
146973
147031
147050
147052
147133
147226
147249
147276
147511
147574
147674
147699
147709
147721
147758
147820
148155
148280
148421
148441
148470
148493
148506
148517
148560
148561
148702
148720
148772
148806
148876
148902
148905
148936
149190
149215
149272
149283
149425
149453
149456
149515
149539
149587
149623
149641
149642
149659
149721
149892
149923
149928
149962
149973
149998
150123
150171
150211
150228
150273
150308
150346
150358
150447
150488
150499
150555
150590
150599
150624
150748
150784
150855
150902
151069
151110
151203
151248
151276
151314
151357
151358
151473
151476
151612
151648
151722
151734
151749
151818
151842
152078
152103
152142
152158
152241
152267
152275
152304
152360
152382
152404
152477
152572
152587
152598
152615
152619
152626
152662
152746
152792
152802
152870
152910
153074
153082
153094
153136
153187
153259
153260
153457
153523
153662
153677
153692
153750
153758
153761
153777
153798
153898
153947
153968
153995
154104
154154
154189
154255
154469
154531
154578
154587
154623
154649
154707
154715
154810
154824
154861
154864
154934
155076
155085
155194
155198
155303
155539
155568
155602
155648
155703
155758
155809
155815
155832
155865
155868
155918
155934
155964
155988
156003
156015
156134
156240
156255
156520
156562
156584
156614
156635
156645
156704
156758
156826
156894
156959
157052
157253
157362
157454
157540
157556
157561
157577
157698
157765
157810
157994
158057
158109
158145
158162
158175
158288
158478
158540
158610
158621
158631
158647
158734
158798
158855
159029
159056
159063
159101
159175
159237
159371
159465
159498
159544
159565
159614
159623
159684
159690
159728
159775
159911
159927
159947
159951
160031
160033
160107
160151
160198
160293
160309
160416
160441
160452
160499
160537
160591
160629
160630
160652
160688
160799
160854
160871
160883
160994
160999
161026
161032
161320
161393
161394
161418
161461
161469
161552
161655
161667
161691
161769
161790
161802
161931
161996
162047
162220
162326
162335
162361
162392
162465
162531
162665
162696
162718
162744
162777
162915
162928
162940
163034
163085
163121
163159
163171
163183
163201
163251
163323
163505
163562
163685
163689
163745
163773
163776
163886
163904
163967
163983
164004
164170
164198
164219
164229
164419
164509
164548
164597
164623
164673
164787
164799
164832
164883
164977
164990
164995
164997
165005
165072
165074
165372
165504
165792
165803
165841
165853
166135
166136
166154
166173
166184
166249
166336
166396
166453
166482
166500
166516
166532
166562
166574
166619
166621
166622
166644
166688
166718
166760
166770
166790
166803
166818
166868
166879
166887
166911
167030
167057
167086
167108
167112
167140
167348
167394
167414
167431
167439
167467
167546
167570
167573
167576
167581
167613
167628
167643
167657
167687
167837
167866
167950
168019
168067
168080
168104
168129
168172
168176
168353
168495
168631
168644
168650
168714
168881
168939
168959
169036
169125
169159
169179
169334
169366
169385
169423
169433
169576
169612
169622
169659
169938
169999
170076
170235
170281
170301
170345
170446
170545
170560
170656
170716
170736
170772
170791
170887
170918
170990
171025
171055
171255
171354
171368
171483
171560
171594
171649
171716
171719
171740
171791
171850
172029
172052
172086
172297
172304
172308
172345
172359
172362
172372
172381
172409
172511
172535
172587
172595
172623
172660
172676
172679
172748
172772
172825
173067
173068
173273
173285
173298
173306
173307
173455
173467
173469
173496
173543
173549
173566
173633
173642
173662
173698
173699
173857
173972
173981
174004
174070
174108
174110
174115
174286
174375
174522
174583
174586
174588
174692
174826
174961
175337
175543
175842
175991
176197
176215
176279
176330
176397
176422
176437
176507
176539
176552
176907
176927
176953
177068
177244
177343
177686
177804
177885
177945
178028
178037
178123
178158
178232
178309
178524
178534
178547
178580
178657
178663
178671
178725
178866
178873
178875
178887
178948
178997
179009
179045
179057
179142
179154
179346
179487
179533
179543
179568
179656
179669
179693
179716
179734
179774
179795
179812
179820
179881
179893
179897
179924
180004
180023
180137
180175
180268
180274
180394
180423
180464
180529
180535
180621
180671
180725
180726
180768
180898
180904
180920
180943
181003
181015
181040
181135
181143
181151
181190
181286
181334
181382
181415
181471
181682
181783
181791
181798
181909
181929
182142
182232
182234
182374
182378
182386
182583
182782
182861
182864
182920
182985
183055
183084
183101
183102
183250
183365
183475
183607
183675
183713
183778
183828
183961
184007
184031
184048
184139
184141
184215
184216
184217
184225
184319
184341
184380
184393
184497
184592
184609
184817
184878
184917
184960
184990
184991
185145
185180
185202
185256
185292
185299
185373
185491
185540
185576
185592
185609
185657
185751
185886
185902
185922
185997
186003
186063
186075
186106
186250
186267
186269
186291
186333
186334
186389
186396
186399
186429
186496
186507
186528
186552
186587
186623
186627
186650
186679
186681
186695
186696
186758
186806
186860
186907
186935
186978
187070
187205
187208
187236
187245
187278
187425
187463
187483
187555
187628
187668
187780
187837
187843
187866
187966
187988
188005
188057
188062
188151
188163
188166
188191
188276
188317
188355
188410
188429
188463
188493
188500
188501
188529
188534
188672
188740
188813
188845
188866
188939
188956
188966
189049
189076
189091
189096
189101
189190
189237
189269
189442
189473
189519
189538
189636
189669
189678
189692
189712
189778
189915
189937
189985
189996
190008
190098
190136
190154
190160
190269
190330
190430
